DD/MM/AAAA HH:MM      DIRS      DIRR      VELS      VELR      TEMP        HR        PB      PREC   RAD-SOL
04/01/2016 07:50                         13.40     17.70      14.0        70    1003.7       0.0       0.0
04/01/2016 08:00                         11.90     15.40      14.0        70    1003.5       0.0       0.0
04/01/2016 08:10                         11.60     17.20      14.1        69    1003.2       0.0       0.0
04/01/2016 08:20                         13.70     18.90      14.2        68    1003.1       0.0       0.0
04/01/2016 08:30                         13.70     20.00      14.3        66    1003.0       0.0       0.0
04/01/2016 08:40                         11.60     16.60      14.2        68    1003.0       0.3       0.0
04/01/2016 08:50                          6.10     10.20      13.7        72    1003.0       0.5       0.0
04/01/2016 09:00                          6.40      7.90      13.3        76    1003.0       0.5       0.0
04/01/2016 09:10                          7.10     13.10      13.0        79    1002.9       0.5       0.0
04/01/2016 09:20                         11.50     15.40      12.9        81    1002.7       0.8       0.0
04/01/2016 09:30                         17.60     22.90      12.9        82    1002.3       0.3       0.0
04/01/2016 09:40                         20.40     26.40      13.2        81    1001.8       0.3       0.0
04/01/2016 09:50                         14.20     21.80      13.2        82    1001.9       0.3       0.0
04/01/2016 10:00                          9.70     20.60      13.4        79    1001.8       0.0       0.0
04/01/2016 10:10                          4.80     10.20      13.4        79    1001.8       0.0       0.0
04/01/2016 10:20                          7.20     13.10      13.4        79    1001.7       0.5       0.0
04/01/2016 10:30                          8.40     16.60      13.4        80    1001.5       0.3       0.0
04/01/2016 10:40                          9.00     14.90      13.6        80    1001.4       0.0       0.0
04/01/2016 10:50                          9.50     15.40      13.6        80    1001.3       0.0       0.0
04/01/2016 11:00                          7.00      9.70      13.5        81    1001.3       0.8       0.0
04/01/2016 11:10                          4.70      8.50      13.1        84    1001.3       1.0       0.0
04/01/2016 11:20                          3.30      7.90      13.1        85    1001.2       0.3       0.0
04/01/2016 11:30                          2.80      5.10      13.1        85    1001.1       0.0       0.0
04/01/2016 11:40                          3.40      7.40      13.0        86    1001.1       0.0       0.0
04/01/2016 11:50                          7.20     10.80      13.1        86    1001.3       1.5       0.0
04/01/2016 12:00                          4.10      6.20      12.9        87    1001.2       0.8       0.0
04/01/2016 12:10                          8.20     13.70      13.0        87    1001.1       0.8       0.0
04/01/2016 12:20                         11.60     14.90      12.9        88    1001.0       0.0       0.0
04/01/2016 12:30                          6.60     11.40      13.0        87    1000.9       0.0       0.0
04/01/2016 12:40                          5.50     10.80      13.0        87    1000.9       0.0       0.0
04/01/2016 12:50                          6.10      9.10      13.0        87    1000.8       0.0       0.0
04/01/2016 13:00                          6.10      9.10      12.9        87    1000.9       0.0       0.0
04/01/2016 13:10                          6.90      8.50      12.9        88    1000.9       0.0       0.0
04/01/2016 13:20                          7.50     10.20      12.8        88    1000.9       0.0       0.0
04/01/2016 13:30                          7.80     11.40      12.8        88    1000.9       0.0       0.0
04/01/2016 13:40                          9.30     13.10      13.1        85    1000.9       0.0       0.0
04/01/2016 13:50                          8.10     10.80      13.3        83    1001.1       0.0       0.0
04/01/2016 14:00                          7.70     10.80      13.7        80    1001.2       0.0       1.0
04/01/2016 14:10                          7.70     10.20      13.8        79    1001.3       0.5       0.0
04/01/2016 14:20                          8.20     10.20      13.8        80    1001.4       0.3       0.0
04/01/2016 14:30                          5.60      8.50      13.5        82    1001.6       0.8       0.0
04/01/2016 14:40                          7.00      9.10      13.5        84    1001.6       0.3       0.0
04/01/2016 14:50                          5.80     10.20      13.5        85    1001.6       0.0       0.0
04/01/2016 15:00                          8.30     11.40      13.4        87    1001.7       0.0       3.0
04/01/2016 15:10                          6.40      7.90      13.5        87    1001.8       0.3       7.0
04/01/2016 15:20                          6.60      8.50      13.4        88    1001.9       0.0      12.0
04/01/2016 15:30                          5.70      8.50      13.3        88    1002.0       0.0       7.0
04/01/2016 15:40                          3.30      5.10      13.3        88    1002.2       0.5       8.0
04/01/2016 15:50                          3.30      7.40      13.4        89    1002.5       2.3       8.0
04/01/2016 16:00                          2.90      6.80      13.4        90    1002.7       2.0      19.0
04/01/2016 16:10                          4.10      7.40      13.4        91    1002.8       0.8      28.0
04/01/2016 16:20                          3.40      7.40      13.4        92    1002.9       0.3      39.0
04/01/2016 16:30                          3.70      7.40      13.4        92    1003.0       0.0     102.0
04/01/2016 16:40                          8.80     12.00      13.6        93    1003.1       0.0     154.0
04/01/2016 16:50                          9.60     12.50      13.7        93    1003.3       0.0     107.0
04/01/2016 17:00                          6.30     10.20      13.7        93    1003.5       0.0     111.0
04/01/2016 17:10                          3.10      6.20      13.9        94    1003.6       0.0     136.0
04/01/2016 17:20                          7.50     10.20      14.1        94    1003.5       0.0     191.0
04/01/2016 17:30                          6.80     11.40      14.3        93    1003.6       0.0     162.0
04/01/2016 17:40                          9.90     12.50      14.5        92    1003.5       0.0     151.0
04/01/2016 17:50                          7.70      9.70      14.6        90    1003.6       0.0     134.0
04/01/2016 18:00                          1.90      6.20      14.8        89    1003.7       0.3     134.0
04/01/2016 18:10                          3.40      9.10      14.9        89    1003.7       0.3     199.0
04/01/2016 18:20                          8.00      9.70      14.8        89    1003.5       0.0     243.0
04/01/2016 18:30                          8.00     10.80      14.9        89    1003.5       0.0     222.0
04/01/2016 18:40                          7.50     11.40      15.0        88    1003.5       0.0     221.0
04/01/2016 18:50                          7.30     10.20      15.2        88    1003.5       0.0     179.0
04/01/2016 19:00                          3.20      9.10      15.2        88    1003.5       0.0     254.0
04/01/2016 19:10                          4.60      8.50      15.3        87    1003.3       0.0     331.0
04/01/2016 19:20                          3.90      7.90      15.6        86    1003.1       0.0     335.0
04/01/2016 19:30                          2.90      7.40      15.8        84    1002.9       0.0     290.0
04/01/2016 19:40                          2.00      3.90      16.0        82    1002.7       0.0     256.0
04/01/2016 19:50                          1.90      3.90      16.3        80    1002.5       0.0     188.0
04/01/2016 20:00                          9.70     19.50      16.2        80    1002.4       0.0     156.0
04/01/2016 20:10                          7.30     12.50      15.5        82    1002.4       0.3     241.0
04/01/2016 20:20                          4.20      6.80      15.4        83    1002.2       0.0     200.0
04/01/2016 20:30                          5.60      7.40      15.4        82    1002.1       0.0     162.0
04/01/2016 20:40                          7.50     10.20      15.4        84    1002.2       0.3      79.0
04/01/2016 20:50                          4.80      6.80      15.1        86    1002.2       0.3     163.0
04/01/2016 21:00                          4.40      7.90      15.0        87    1002.0       0.3     197.0
04/01/2016 21:10                          3.70      6.20      14.9        88    1002.0       0.3     151.0
04/01/2016 21:20                          2.60      5.10      14.9        89    1002.0       0.8     108.0
04/01/2016 21:30                          3.50      7.40      15.1        90    1001.9       0.3     327.0
04/01/2016 21:40                          7.90      9.70      15.2        91    1001.9       0.0     352.0
04/01/2016 21:50                          6.30     10.20      15.2        90    1001.8       0.0     237.0
04/01/2016 22:00                          9.20     12.00      15.3        88    1001.7       0.0     227.0
04/01/2016 22:10                          6.30     10.80      15.6        87    1001.8       0.0     190.0
04/01/2016 22:20                          6.60      8.50      15.8        86    1001.8       0.0     154.0
04/01/2016 22:30                          5.30      7.90      15.8        85    1001.8       0.0     153.0
04/01/2016 22:40                          2.00      3.30      15.8        84    1001.9       0.0     169.0
04/01/2016 22:50                          4.90      8.50      15.8        84    1001.9       0.0     206.0
04/01/2016 23:00                          5.10      7.90      15.8        85    1002.0       0.0     117.0
04/01/2016 23:10                          4.10      8.50      15.6        85    1002.1       0.3      48.0
04/01/2016 23:20                          5.80      8.50      15.5        87    1002.3       0.3      67.0
04/01/2016 23:30                          2.80      6.20      15.3        88    1002.5       0.0      95.0
04/01/2016 23:40                          5.90      9.10      15.2        89    1002.6       0.0      94.0
04/01/2016 23:50                          6.80      9.70      15.2        90    1002.7       0.0      48.0
05/01/2016 00:00                          4.30      6.80      15.2        90    1002.8       0.0      39.0
05/01/2016 00:10                          2.10      3.30      15.2        91    1002.9       0.0      47.0
05/01/2016 00:20                          2.20      3.30      15.2        91    1002.9       0.0      39.0
05/01/2016 00:30                          2.00      2.80      15.1        92    1003.0       0.0      27.0
05/01/2016 00:40                          1.90      2.80      15.0        92    1003.0       0.0      16.0
05/01/2016 00:50                          1.60      2.20      15.0        92    1003.1       0.0       9.0
05/01/2016 01:00                          2.80      3.90      15.0        92    1003.2       0.0       2.0
05/01/2016 01:10                          2.60      4.50      14.9        92    1003.4       0.0       0.0
05/01/2016 01:20                          3.40      4.50      14.9        92    1003.5       0.0       0.0
05/01/2016 01:30                          7.00      9.70      14.9        92    1003.7       0.0       0.0
05/01/2016 01:40                          7.30      9.70      14.9        92    1003.8       0.0       0.0
05/01/2016 01:50                          5.90      9.10      14.7        93    1004.0       0.0       0.0
05/01/2016 02:00                          2.60      5.10      14.7        93    1004.1       0.0       0.0
05/01/2016 02:10                          0.00      0.00      14.7        94    1004.2       0.3       0.0
05/01/2016 02:20                          4.10      6.20      14.7        94    1004.3       0.3       0.0
05/01/2016 02:30                          4.20      5.60      14.7        95    1004.5       0.3       0.0
05/01/2016 02:40                          6.70      9.70      14.8        95    1004.6       0.8       0.0
05/01/2016 02:50                          5.30      7.40      14.7        95    1004.9       0.3       0.0
05/01/2016 03:00                          6.20      9.10      14.7        96    1005.0       0.0       0.0
05/01/2016 03:10                          7.40      9.10      14.7        96    1005.1       0.0       0.0
05/01/2016 03:20                          5.80      8.50      14.7        96    1005.2       0.5       0.0
05/01/2016 03:30                          7.00     10.80      14.7        96    1005.2       0.0       0.0
05/01/2016 03:40                          8.30     10.80      14.6        97    1005.3       0.0       0.0
05/01/2016 03:50                          6.80      9.10      14.5        97    1005.3       0.0       0.0
05/01/2016 04:00                          4.80      6.80      14.6        97    1005.5       0.0       0.0
05/01/2016 04:10                          4.70      6.80      14.6        97    1005.6       0.0       0.0
05/01/2016 04:20                          2.30      5.60      14.6        97    1005.8       0.0       0.0
05/01/2016 04:30                          5.70      7.40      14.6        97    1006.0       0.0       0.0
05/01/2016 04:40                          7.10      8.50      14.6        97    1006.0       0.0       0.0
05/01/2016 04:50                          4.50      7.40      14.6        97    1006.1       0.0       0.0
05/01/2016 05:00                          3.90      5.10      14.6        97    1006.3       0.0       0.0
05/01/2016 05:10                          5.80      9.70      14.5        97    1006.4       0.0       0.0
05/01/2016 05:20                          3.70      5.60      14.4        97    1006.5       0.0       0.0
05/01/2016 05:30                          6.10      9.10      14.4        97    1006.6       0.5       0.0
05/01/2016 05:40                          2.50      7.40      14.3        97    1006.6       0.3       0.0
05/01/2016 05:50                          2.90      5.10      14.2        97    1006.7       0.0       0.0
05/01/2016 06:00                          0.00      0.00      14.1        97    1006.8       0.0       0.0
05/01/2016 06:10                          0.00      0.00      14.1        97    1006.9       0.0       0.0
05/01/2016 06:20                          1.60      2.80      14.1        97    1007.0       0.0       0.0
05/01/2016 06:30                          2.20      3.90      14.1        97    1007.0       0.0       0.0
05/01/2016 06:40                          3.80      5.10      14.1        97    1007.1       0.0       0.0
05/01/2016 06:50                          3.30      4.50      14.0        97    1007.1       0.0       0.0
05/01/2016 07:00                          3.60      5.10      14.0        97    1007.2       0.0       0.0
05/01/2016 07:10                          5.40      6.20      14.0        98    1007.2       0.0       0.0
05/01/2016 07:20
05/01/2016 07:30
05/01/2016 07:40
